1117712782052
1117712782053
1117712782054
1117712782055
1117712782056
1117712782057
1117712782058
1117712782059
1117712782060
1117712782061
1117712782062
1117712782063
1117712782064
1117712782065
1117712782066
1117712782067
1117712782068
1117712782069
1117712782070
1117712782071
1117712782072
1117712782073
1117712782074
1117712782075
1117712782076
1117712782077
1117712782078
1117712782079
1117712782080
1117712782081
1117712782082
1117712782083
1117712782084
1117712782085
1117712782086
1117712782087
1117712782088
1117712782089
1117712782090
1117712782091
1117712782092
1117712782093
1117712782094
1117712782095
1117712782096
1117712782097
1117712782098
1117712782099
1117712782100
1117712782101
1117712782102
1117712782103
1117712782104
1117712782105
1117712782106
1117712782107
1117712782108
1117712782109
1117712782110
1117712782111
1117712782112
1117712782113
1117712782114
1117712782115
1117712782116
1117712782117
1117712782118
1117712782119
1117712782120
1117712782121
1117712782122
1117712782123
1117712782124
1117712782125
1117712782126
1117712782127
1117712782128
1117712782129
1117712782130
1117712782131
1117712782132
1117712782133
1117712782134
1117712782135
1117712782136
1117712782137
1117712782138
1117712782139
1117712782140
1117712782141
1117712782142
1117712782143
1117712782144
1117712782145
1117712782146
1117712782147
1117712782148
1117712782149
1117712782150
1117712782151
1117712782152
1117712782153
1117712782154
1117712782155
1117712782156
1117712782157
1117712782158
1117712782159
1117712782160
1117712782161
1117712782162
1117712782163
1117712782164
1117712782165
1117712782166
1117712782167
1117712782168
1117712782169
1117712782170
1117712782171
1117712782172
1117712782173
1117712782174
1117712782175
1117712782176
1117712782177
1117712782178
1117712782179
1117712782180
1117712782181
1117712782182
1117712782183
1117712782184
1117712782185
1117712782186
1117712782187
1117712782188
1117712782189
1117712782190
1117712782191
1117712782192
1117712782193
1117712782194
1117712782195
1117712782196
1117712782197
1117712782198
1117712782199
1117712782200
1117712782201
1117712782202
1117712782203
1117712782204
1117712782205
1117712782206
1117712782207
1117712782208
1117712782209
1117712782210
1117712782211
1117712782212
1117712782213
1117712782214
1117712782215
1117712782216
1117712782217
1117712782218
1117712782219
1117712782220
1117712782221
1117712782222
1117712782223
1117712782224
1117712782225
1117712782226
1117712782227
1117712782228
1117712782229
1117712782230
1117712782231
1117712782232
1117712782233
1117712782234
1117712782235
1117712782236
1117712782237
1117712782238
1117712782239
1117712782240
1117712782241
1117712782242
1117712782243
1117712782244
1117712782245
1117712782246
1117712782247
1117712782248
1117712782249
1117712782250
1117712782251
1117712782252
1117712782253
1117712782254
1117712782255
1117712782256
1117712782257
1117712782258
1117712782259
1117712782260
1117712782261
1117712782262
1117712782263
1117712782264
1117712782265
1117712782266
1117712782267
1117712782268
1117712782269
1117712782270
1117712782271
1117712782272
1117712782273
1117712782274
1117712782275
1117712782276
1117712782277
1117712782278
1117712782279
1117712782280
1117712782281
1117712782282
1117712782283
1117712782284
1117712782285
1117712782286
1117712782287
1117712782288
1117712782289
1117712782290
1117712782291
1117712782292
1117712782293
1117712782294
1117712782295
1117712782296
1117712782297
1117712782298
1117712782299
1117712782300
1117712782301
1117712782302
1117712782303
1117712782304
1117712782305
1117712782306
1117712782307
1117712782308
1117712782309
1117712782310
1117712782311
1117712782312
1117712782313
1117712782314
1117712782315
1117712782316
1117712782317
1117712782318
1117712782319
1117712782320
1117712782321
1117712782322
1117712782323
1117712782324
1117712782325
1117712782326
1117712782327
1117712782328
1117712782329
1117712782330
1117712782331
1117712782332
1117712782333
1117712782334
1117712782335
1117712782336
1117712782337
1117712782338
1117712782339
1117712782340
1117712782341
1117712782342
1117712782343
1117712782344
1117712782345
1117712782346
1117712782347
1117712782348
1117712782349
1117712782350
1117712782351
1117712782352
1117712782353
1117712782354
1117712782355
1117712782356
1117712782357
1117712782358
1117712782359
1117712782360
1117712782361
1117712782362
1117712782363
1117712782364
1117712782365
1117712782366
1117712782367
1117712782368
1117712782369
1117712782370
1117712782371
1117712782372
1117712782373
1117712782374
1117712782375
1117712782376
1117712782377
1117712782378
1117712782379
1117712782380
1117712782381
1117712782382
1117712782383
1117712782384
1117712782385
1117712782386
1117712782387
1117712782388
1117712782389
1117712782390
1117712782391
1117712782392
1117712782393
1117712782394
1117712782395
1117712782396
1117712782397
1117712782398
1117712782399
1117712782400
1117712782401
1117712782402
1117712782403
1117712782404
1117712782405
1117712782406
1117712782407
1117712782408
1117712782409
1117712782410
1117712782411
1117712782412
1117712782413
1117712782414
1117712782415
1117712782416
1117712782417
1117712782418
1117712782419
1117712782420
1117712782421
1117712782422
1117712782423
1117712782424
1117712782425
1117712782426
1117712782427
1117712782428
1117712782429
1117712782430
1117712782431
1117712782432
1117712782433
1117712782434
1117712782435
1117712782436
1117712782437
1117712782438
1117712782439
1117712782440
1117712782441
1117712782442
1117712782443
1117712782444
1117712782445
1117712782446
1117712782447
1117712782448
1117712782449
1117712782450
1117712782451
1117712782452
1117712782453
1117712782454
1117712782455
1117712782456
1117712782457
1117712782458
1117712782459
1117712782460
1117712782461
1117712782462
1117712782463
1117712782464
1117712782465
1117712782466
1117712782467
1117712782468
1117712782469
1117712782470
1117712782471
1117712782472
1117712782473
1117712782474
1117712782475
1117712782476
1117712782477
1117712782478
1117712782479
1117712782480
1117712782481
1117712782482
1117712782483
1117712782484
1117712782485
1117712782486
1117712782487
1117712782488
1117712782489
1117712782490
1117712782491
1117712782492
1117712782493
1117712782494
1117712782495
1117712782496
1117712782497
1117712782498
1117712782499
1117712782500
1117712782501
1117712782502
1117712782503
1117712782504
1117712782505
1117712782506
1117712782507
1117712782508
1117712782509
1117712782510
1117712782511
1117712782512
1117712782513
1117712782514
1117712782515
1117712782516
1117712782517
1117712782518
1117712782519
1117712782520
1117712782521
1117712782522
1117712782523
1117712782524
1117712782525
1117712782526
1117712782527
1117712782528
1117712782529
1117712782530
1117712782531
1117712782532
1117712782533
1117712782534
1117712782535
1117712782536
1117712782537
1117712782538
1117712782539
1117712782540
1117712782541
1117712782542
1117712782543
1117712782544
1117712782545
1117712782546
1117712782547
1117712782548
1117712782549
1117712782550
1117712782551
1117712782552
1117712782553
1117712782554
1117712782555
1117712782556
1117712782557
1117712782558
1117712782559
1117712782560
1117712782561
1117712782562
1117712782563
1117712782564
1117712782565
1117712782566
1117712782567
1117712782568
1117712782569
1117712782570
1117712782571
1117712782572
1117712782573
1117712782574
1117712782575
1117712782576
1117712782577
1117712782578
1117712782579
1117712782580
1117712782581
1117712782582
1117712782583
1117712782584
1117712782585
1117712782586
1117712782587
1117712782588
1117712782589
1117712782590
1117712782591
1117712782592
1117712782593
1117712782594
1117712782595
1117712782596
1117712782597
1117712782598
1117712782599
1117712782600
1117712782601
1117712782602
1117712782603
1117712782604
1117712782605
1117712782606
1117712782607
1117712782608
1117712782609
1117712782610
1117712782611
1117712782612
1117712782613
1117712782614
1117712782615
1117712782616
1117712782617
1117712782618
1117712782619
1117712782620
1117712782621
1117712782622
1117712782623
1117712782624
1117712782625
1117712782626
1117712782627
1117712782628
1117712782629
1117712782630
1117712782631
1117712782632
1117712782633
1117712782634
1117712782635
1117712782636
1117712782637
1117712782638
1117712782639
1117712782640
1117712782641
1117712782642
1117712782643
1117712782644
1117712782645
1117712782646
1117712782647
1117712782648
1117712782649
1117712782650
1117712782651
1117712782652
1117712782653
1117712782654
1117712782655
1117712782656
1117712782657
1117712782658
1117712782659
1117712782660
1117712782661
1117712782662
1117712782663
1117712782664
1117712782665
1117712782666
1117712782667
1117712782668
1117712782669
1117712782670
1117712782671
1117712782672
1117712782673
1117712782674
1117712782675
1117712782676
1117712782677
1117712782678
1117712782679
1117712782680
1117712782681
1117712782682
1117712782683
1117712782684
1117712782685
1117712782686
1117712782687
1117712782688
1117712782689
1117712782690
1117712782691
1117712782692
1117712782693
1117712782694
1117712782695
1117712782696
1117712782697
1117712782698
1117712782699
1117712782700
1117712782701
1117712782702
1117712782703
1117712782704
1117712782705
1117712782706
1117712782707
1117712782708
1117712782709
1117712782710
1117712782711
1117712782712
1117712782713
1117712782714
1117712782715
1117712782716
1117712782717
1117712782718
1117712782719
1117712782720
1117712782721
1117712782722
1117712782723
1117712782724
1117712782725
1117712782726
1117712782727
1117712782728
1117712782729
1117712782730
1117712782731
1117712782732
1117712782733
1117712782734
1117712782735
1117712782736
1117712782737
1117712782738
1117712782739
1117712782740
1117712782741
1117712782742
1117712782743
1117712782744
1117712782745
1117712782746
1117712782747
1117712782748
1117712782749
1117712782750
1117712782751
1117712782752
1117712782753
1117712782754
1117712782755
1117712782756
1117712782757
1117712782758
1117712782759
1117712782760
1117712782761
1117712782762
1117712782763
1117712782764
1117712782765
1117712782766
1117712782767
1117712782768
1117712782769
1117712782770
1117712782771
1117712782772
1117712782773
1117712782774
1117712782775
1117712782776
1117712782777
1117712782778
1117712782779
1117712782780
1117712782781
1117712782782
1117712782783
1117712782784
1117712782785
1117712782786
1117712782787
1117712782788
1117712782789
1117712782790
1117712782791
1117712782792
1117712782793
1117712782794
1117712782795
1117712782796
1117712782797
1117712782798
1117712782799
1117712782800
1117712782801
1117712782802
1117712782803
1117712782804
1117712782805
1117712782806
1117712782807
1117712782808
1117712782809
1117712782810
1117712782811
1117712782812
1117712782813
1117712782814
1117712782815
1117712782816
1117712782817
1117712782818
1117712782819
1117712782820
1117712782821
1117712782822
1117712782823
1117712782824
1117712782825
1117712782826
1117712782827
1117712782828
1117712782829
1117712782830
1117712782831
1117712782832
1117712782833
1117712782834
1117712782835
1117712782836
1117712782837
1117712782838
1117712782839
1117712782840
1117712782841
1117712782842
1117712782843
1117712782844
1117712782845
1117712782846
1117712782847
1117712782848
1117712782849
1117712782850
1117712782851
1117712782852
1117712782853
1117712782854
1117712782855
1117712782856
1117712782857
1117712782858
1117712782859
1117712782860
1117712782861
1117712782862
1117712782863
1117712782864
1117712782865
1117712782866
1117712782867
1117712782868
1117712782869
1117712782870
1117712782871
1117712782872
1117712782873
1117712782874
1117712782875
1117712782876
1117712782877
1117712782878
1117712782879
1117712782880
1117712782881
1117712782882
1117712782883
1117712782884
1117712782885
1117712782886
1117712782887
1117712782888
1117712782889
1117712782890
1117712782891
1117712782892
1117712782893
1117712782894
1117712782895
1117712782896
1117712782897
1117712782898
1117712782899
1117712782900
1117712782901
1117712782902
1117712782903
1117712782904
1117712782905
1117712782906
1117712782907
1117712782908
1117712782909
1117712782910
1117712782911
1117712782912
1117712782913
1117712782914
1117712782915
1117712782916
1117712782917
1117712782918
1117712782919
1117712782920
1117712782921
1117712782922
1117712782923
1117712782924
1117712782925
1117712782926
1117712782927
1117712782928
1117712782929
1117712782930
1117712782931
1117712782932
1117712782933
1117712782934
1117712782935
1117712782936
1117712782937
1117712782938
1117712782939
1117712782940
1117712782941
1117712782942
1117712782943
1117712782944
1117712782945
1117712782946
1117712782947
1117712782948
1117712782949
1117712782950
1117712782951
1117712782952
1117712782953
1117712782954
1117712782955
1117712782956
1117712782957
1117712782958
1117712782959
1117712782960
1117712782961
1117712782962
1117712782963
1117712782964
1117712782965
1117712782966
1117712782967
1117712782968
1117712782969
1117712782970
1117712782971
1117712782972
1117712782973
1117712782974
1117712782975
1117712782976
1117712782977
1117712782978
1117712782979
1117712782980
1117712782981
1117712782982
1117712782983
1117712782984
1117712782985
1117712782986
1117712782987
1117712782988
1117712782989
1117712782990
1117712782991
1117712782992
1117712782993
1117712782994
1117712782995
1117712782996
1117712782997
1117712782998
1117712782999
1117712783000
1117712783001
1117712783002
1117712783003
1117712783004
1117712783005
1117712783006
1117712783007
1117712783008
1117712783009
1117712783010
1117712783011
1117712783012
1117712783013
1117712783014
1117712783015
1117712783016
1117712783017
1117712783018
1117712783019
1117712783020
1117712783021
1117712783022
1117712783023
1117712783024
1117712783025
1117712783026
1117712783027
1117712783028
1117712783029
1117712783030
1117712783031
1117712783032
1117712783033
1117712783034
1117712783035
1117712783036
1117712783037
1117712783038
1117712783039
1117712783040
1117712783041
1117712783042
1117712783043
1117712783044
1117712783045
1117712783046
1117712783047
1117712783048
1117712783049
1117712783050
1117712783051
